2 0.915625 0.265625 0.01875 0.040625
2 0.196875 0.39375 0.0453125 0.0671875
2 0.6890625 0.04375 0.0125 0.03125
2 0.921875 0.2125 0.0265625 0.0484375
2 0.03125 0.196875 0.0140625 0.0359375
0 0.575 0.3390625 0.0578125 0.040625
2 0.190625 0.209375 0.03125 0.0515625
2 0.9671875 0.65 0.059375 0.1203125
0 0.475 0.440625 0.0421875 0.0515625
0 0.515625 0.603125 0.1609375 0.134375
2 0.6703125 0.2140625 0.025 0.053125
2 0.1125 0.209375 0.0140625 0.03125
2 0.71875 0.2625 0.01875 0.021875
2 0.709375 0.20625 0.03125 0.0453125
1 0.509375 0.8 0.1515625 0.2609375
2 0.065625 0.196875 0.0265625 0.034375
