2 0.084375 0.734375 0.01875 0.040625
2 0.803125 0.60625 0.0453125 0.0671875
2 0.3109375 0.95625 0.0125 0.03125
2 0.078125 0.7875 0.0265625 0.0484375
2 0.96875 0.803125 0.0140625 0.0359375
0 0.425 0.6609375 0.0578125 0.040625
2 0.809375 0.790625 0.03125 0.0515625
2 0.0328125 0.35 0.059375 0.1203125
0 0.525 0.559375 0.0421875 0.0515625
0 0.484375 0.396875 0.1609375 0.134375
2 0.3296875 0.7859375 0.025 0.053125
2 0.8875 0.790625 0.0140625 0.03125
2 0.28125 0.7375 0.01875 0.021875
2 0.290625 0.79375 0.03125 0.0453125
1 0.490625 0.2 0.1515625 0.2609375
2 0.934375 0.803125 0.0265625 0.034375
