2 0.9875 0.2796875 0.025 0.053125
2 0.4078125 0.6125 0.0625 0.0328125
2 0.540625 0.7546875 0.0609375 0.053125
0 0.58125 0.590625 0.125 0.0796875
2 0.628125 0.75 0.0484375 0.0484375
2 0.2375 0.621875 0.0359375 0.03125
2 0.4625 0.7625 0.0359375 0.0328125
2 0.3375 0.615625 0.05 0.025
1 0.1828125 0.1328125 0.340625 0.196875
1 0.4328125 0.2515625 0.209375 0.128125
2 0.65 0.590625 0.0296875 0.0265625
0 0.490625 0.390625 0.2125 0.09375
2 0.4015625 0.75625 0.0375 0.0484375
2 0.2171875 0.775 0.06875 0.0625
2 0.290625 0.759375 0.0265625 0.0359375
