2 0.0125 0.7203125 0.025 0.053125
2 0.5921875 0.3875 0.0625 0.0328125
2 0.459375 0.2453125 0.0609375 0.053125
0 0.41875 0.409375 0.125 0.0796875
2 0.371875 0.25 0.0484375 0.0484375
2 0.7625 0.378125 0.0359375 0.03125
2 0.5375 0.2375 0.0359375 0.0328125
2 0.6625 0.384375 0.05 0.025
1 0.8171875 0.8671875 0.340625 0.196875
1 0.5671875 0.7484375 0.209375 0.128125
2 0.35 0.409375 0.0296875 0.0265625
0 0.509375 0.609375 0.2125 0.09375
2 0.5984375 0.24375 0.0375 0.0484375
2 0.7828125 0.225 0.06875 0.0625
2 0.709375 0.240625 0.0265625 0.0359375
